49 20 11 19 797382708 12 12 4 761292767 664205948
759332809 352203906
741154315 475460471
726153988 411955087
725165148 82059942
707363348 434877391
706328936 360294807
692845470 501053962
691459176 361976354
671160843 336711814
666401835 513274523
657496860 115985943
643681407 254411474
638166976 499776467
630777004 253068286
629808701 722377114
624299940 701640847
613206424 172725975
593710998 613478719
591189268 671807459
584994422 249113027
573025910 256892867
548772222 374066999
545696740 111338507
542367944 153691407
538484200 242270495
524499434 446958750
516790961 601799838
510123102 163046738
501812887 150688363
501291892 55975198
496302504 571089414
494090634 377238075
492847579 711589546
490751643 72814662
488360820 618389378
487373340 771356938
480125009 616239694
476004820 646536826
470055964 782719858
469507663 291957162
468275237 453252203
459799370 760007135
457431366 108814963
457133332 474298595
455609797 593397983
453534833 492869446
450013722 288534262
436730364 490824183
416609361 297840070
404415978 246062158
403046404 671099923
400862077 466378362
399465632 285484063
393135738 59623686
388540444 15949574
385348074 183240206
378904062 123980183
377008627 509937651
376957876 327855359
358685821 403093546
355855128 99617350
346314757 395638591
345943712 557181406
343907308 572593610
341174371 589156034
338849672 202420630
338355186 780279367
335430993 213418230
322109453 209735314
313792625 288641062
295621277 303434879
291924004 486009919
283170853 281156371
277538364 230468471
271605048 177664758
269168388 119612275
260484641 705418991
251142144 303110614
249477229 55410858
246426460 410232250
242469870 548041094
241073417 146930102
223856174 678403494
223733440 103631103
220636022 451374055
220012224 714664483
214031669 246166195
206787844 344216003
199789877 647098942
198278800 274989607
190187717 787336555
189813918 449647950
188845447 132369275
177373841 102636902
173499296 671830563
172423084 286986178
164986022 559884075
156058418 608132111
152979880 339458927
151467780 28387762
142787428 237634975
117375004 195319394
115930584 529940322
95717380 159258835
85476380 75854371
84078132 81844883
78374834 509110703
77382124 128732698
75197610 510604714
71442557 589511510
61971364 103077983
59226207 203050155
55182380 99269042
53343653 396953982
50312336 433811834
49120348 81686890
46598310 221695939
38496004 64004419
37011146 63957951
35667752 791839519
32043111 32587319
31655319 178864878
29795500 49525970
26006245 324750470
25165828 180243
24308762 219559226
24088609 403053186
22744804 37794943
17097244 28400338
13803656 3754719
12632068 20974355
9153004 15189994
6486820 10758655
4481884 7427738
3006724 4978243
1948588 3222370
1212004 2001119
717340 1181890
399364 656083
205804 336698
95908 155935
39004 62794
13060 20675
3244 4978
484 703
28 50
4 19
134574683
